%include ${COSMOSIS_SRC_DIR}/NGLikelihood/values.ini

[cosmological_parameters]
omega_m      =  0.276
h0           =  0.7506
omega_b      =  0.0531
n_s          =  0.9939
A_s          =  2.818378e-09
omnuh2       =  0.00553

[shear_calibration_parameters]
m1 = 0.012
m2 = 0.012
m3 = 0.012
m4 = 0.012

[intrinsic_alignment_parameters]
A = 0.0
alpha = 0.0
z0 = 0.62

[wl_photoz_errors]
bias_1 = 0.002
bias_2 = -0.015
bias_3 = 0.007
bias_4 = -0.018
